Date,Earnings
20230516,7.279999999999999
20230517,-6.12
20230518,4.15
20230518,0
20230519,-2.7399999999999998
20230520,2.54
20230521,-5.54
20230522,4.66
20230523,2.4699999999999998
20230524,1.0799999999999996
20230525,-3.91
20230526,-4.1
20230527,-0.42999999999999994
20230528,-2.09
20230529,2.05
20230530,0.59
20230531,4.88
20230601,-0.8500000000000001
20230602,-0.6400000000000001
20230603,-4.12
20230604,0.54
20230605,-1
20230606,3.17
20230607,-3.7800000000000002
20230608,2.35
20230609,-3
20230610,-3.99
20230611,0
20230612,2.3
20230613,2.93
20230614,-2.8200000000000003
