gameID,logcorr,svmcorr,rfcorr,nncorr,gbmcorr,enscorr,bookcorr
ATLDET20230614game1,1,1,1,1,1,1,1
MILMIN20230614game1,0,0,1,0,1,0,1
SFSTL20230614game1,1,1,1,1,1,1,0
NYYNYM20230614game1,1,1,0,0,1,1,0
TORBAL20230614game1,0,1,0,1,1,0,1
COLBOS20230614game1,1,1,0,1,1,1,1
LAATEX20230614game1,1,1,1,1,0,1,1
PITCHC20230614game1,1,1,0,0,0,0,1
CINKC20230614game1,0,1,1,1,1,1,1
WSHHOU20230614game1,1,1,1,0,1,1,1
MIASEA20230614game1,0,1,0,0,0,0,0
PHIARI20230614game1,0,0,0,0,1,0,0
TBOAK20230614game1,1,0,0,1,0,1,1
CLESD20230614game1,1,1,1,0,1,1,1
CHWLAD20230614game1,0,0,0,0,0,0,0
TORBAL20230613game1,1,1,0,0,0,0,0
COLBOS20230613game1,0,0,0,0,0,0,0
NYYNYM20230613game1,1,1,0,1,1,1,0
MILMIN20230613game1,0,0,1,0,1,0,1
SFSTL20230613game1,1,1,1,1,1,1,0
LAATEX20230613game1,1,0,1,0,0,0,0
PITCHC20230613game1,0,0,0,0,0,0,1
CINKC20230613game1,1,1,1,1,1,1,1
WSHHOU20230613game1,1,0,0,0,0,0,1
MIASEA20230613game1,1,1,1,0,1,1,1
PHIARI20230613game1,0,0,1,1,0,0,1
TBOAK20230613game1,0,1,1,0,0,0,0
CLESD20230613game1,1,1,1,0,1,1,1
CHWLAD20230613game1,1,1,1,1,1,1,1
COLBOS20230612game1,0,0,0,0,0,0,0
SFSTL20230612game1,1,1,1,1,1,1,1
LAATEX20230612game1,0,1,1,1,1,1,0
CINKC20230612game1,1,0,1,1,1,1,0
MIASEA20230612game1,0,1,1,0,0,0,1
PHIARI20230612game1,1,1,0,0,0,0,1
TBOAK20230612game1,0,0,0,0,0,0,0
ARIDET20230610game1,1,1,1,1,1,1,1
MIACHW20230610game1,0,0,0,1,0,0,1
CINSTL20230610game1,0,0,0,1,0,0,0
MINTOR20230610game1,0,0,0,0,0,0,1
SDCOL20230610game1,1,1,1,1,1,1,1
KCBAL20230610game1,1,1,1,1,1,1,1
LADPHI20230610game1,1,0,0,1,0,0,1
NYMPIT20230610game1,0,0,0,1,0,0,1
OAKMIL20230610game1,0,0,0,0,0,0,0
TEXTB20230610game1,0,0,0,0,1,0,0
WSHATL20230610game1,1,1,1,1,1,1,1
HOUCLE20230610game1,0,1,0,1,0,0,0
BOSNYY20230610game1,0,0,0,0,0,0,1
CHCSF20230610game1,1,1,1,1,1,1,0
SEALAA20230610game1,1,1,1,1,0,1,0
ARIDET20230609game1,1,1,1,1,1,1,1
TEXTB20230609game1,1,1,0,0,0,0,1
BOSNYY20230609game1,1,1,1,1,1,1,0
KCBAL20230609game1,1,1,1,1,1,1,1
LADPHI20230609game1,0,0,0,0,0,0,1
NYMPIT20230609game1,1,1,0,0,1,1,0
MINTOR20230609game1,0,0,0,1,0,0,0
HOUCLE20230609game1,1,1,1,0,1,1,0
WSHATL20230609game1,1,1,1,1,1,1,1
MIACHW20230609game1,0,1,1,0,1,1,1
OAKMIL20230609game1,0,0,0,0,0,0,0
CINSTL20230609game1,0,1,1,0,0,0,1
SDCOL20230609game1,1,1,1,1,1,1,1
SEALAA20230609game1,0,0,0,0,0,0,1
CHCSF20230609game1,0,0,1,0,0,0,0
LADCIN20230608game1,1,0,1,1,1,1,1
MINTB20230608game1,1,1,1,1,1,1,1
BALMIL20230608game1,0,0,0,1,0,0,1
SFCOL20230608game1,1,1,1,1,1,1,1
CHWNYY20230608game1,0,1,1,1,0,1,0
DETPHI20230608game1,1,1,1,0,1,1,1
HOUTOR20230608game1,1,1,1,0,1,1,0
BOSCLE20230608game1,1,0,1,0,0,0,1
NYMATL20230608game1,1,1,1,1,1,1,1
CHWNYY20230608game2,1,0,0,0,1,0,1
CHCLAA20230608game1,1,0,1,0,1,1,1
OAKPIT20230607game1,0,0,0,0,0,0,0
SEASD20230607game1,1,1,0,1,1,1,1
KCMIA20230607game1,0,1,0,0,0,0,1
MINTB20230607game1,1,1,1,1,1,1,1
ARIWSH20230607game1,1,1,1,1,0,1,1
HOUTOR20230607game1,1,1,1,0,1,1,1
BOSCLE20230607game1,0,0,0,0,0,0,1
LADCIN20230607game1,0,0,0,0,0,0,0
NYMATL20230607game1,1,1,1,0,1,1,1
BALMIL20230607game1,0,1,1,1,0,1,1
STLTEX20230607game1,0,0,0,0,0,0,0
SFCOL20230607game1,1,1,1,1,0,1,1
CHCLAA20230607game1,1,1,1,0,1,1,1
DETPHI20230606game1,1,1,1,1,1,1,1
KCMIA20230606game1,1,0,1,1,1,1,1
MINTB20230606game1,1,1,1,1,1,1,1
ARIWSH20230606game1,1,0,1,0,1,1,1
CHWNYY20230606game1,0,0,1,0,0,0,0
OAKPIT20230606game1,0,0,0,0,0,0,0
HOUTOR20230606game1,1,1,0,1,0,1,1
BOSCLE20230606game1,1,1,0,0,1,1,0
LADCIN20230606game1,1,0,0,1,0,0,0
NYMATL20230606game1,1,0,1,1,1,1,1
BALMIL20230606game1,1,1,1,1,1,1,1
STLTEX20230606game1,1,1,1,1,1,1,1
SFCOL20230606game1,1,1,1,0,0,1,1
CHCLAA20230606game1,0,1,1,1,1,1,1
SEASD20230606game1,1,1,1,0,1,1,0
TBBOS20230605game1,0,0,1,0,1,0,1
DETPHI20230605game1,1,1,1,0,1,1,1
KCMIA20230605game1,0,1,1,0,1,1,1
OAKPIT20230605game1,1,1,1,1,1,1,1
HOUTOR20230605game1,0,1,1,0,1,1,0
MILCIN20230605game1,0,1,0,0,1,0,1
STLTEX20230605game1,1,1,1,1,1,1,1
CHCSD20230605game1,0,0,0,0,1,0,1
STLPIT20230604game1,1,1,1,0,1,1,0
PHIWSH20230604game1,0,0,0,1,0,0,1
TBBOS20230604game1,0,0,0,1,0,0,1
MILCIN20230604game1,1,1,1,1,1,1,0
OAKMIA20230604game1,1,1,1,1,1,1,1
TORNYM20230604game1,1,1,1,1,1,1,0
LAAHOU20230604game1,0,0,1,1,1,1,0
CLEMIN20230604game1,0,1,0,1,0,0,0
COLKC20230604game1,0,1,1,0,0,0,1
DETCHW20230604game1,0,1,1,0,0,0,1
SEATEX20230604game1,0,1,1,1,0,1,1
BALSF20230604game1,1,1,1,1,1,1,0
ATLARI20230604game1,0,0,0,1,1,0,0
CHCSD20230604game1,1,1,1,1,0,1,0
NYYLAD20230604game1,0,0,0,0,0,0,0
TBBOS20230603game1,1,1,1,1,1,1,1
DETCHW20230603game1,0,1,1,1,0,1,1
PHIWSH20230603game1,0,0,0,0,0,0,1
SEATEX20230603game1,0,1,0,1,0,0,1
STLPIT20230603game1,1,1,1,1,1,1,0
LAAHOU20230603game1,1,0,0,1,0,0,1
COLKC20230603game1,1,0,1,0,0,0,0
MILCIN20230603game1,1,0,1,0,0,0,1
OAKMIA20230603game1,1,1,1,1,1,1,1
TORNYM20230603game1,1,1,1,0,0,1,1
CLEMIN20230603game1,0,0,0,0,0,0,0
NYYLAD20230603game1,0,0,0,0,0,0,1
BALSF20230603game1,0,0,0,1,0,0,1
ATLARI20230603game1,0,0,0,0,0,0,1
CHCSD20230603game1,0,0,0,1,1,0,1
MILCIN20230602game1,1,0,0,1,0,0,1
OAKMIA20230602game1,1,1,1,0,1,1,1
PHIWSH20230602game1,1,1,0,1,0,1,0
STLPIT20230602game1,1,1,0,0,0,0,0
TORNYM20230602game1,1,0,0,1,0,0,0
SEATEX20230602game1,0,1,0,1,1,1,0
LAAHOU20230602game1,1,1,1,0,1,1,1
CLEMIN20230602game1,1,1,1,0,1,1,1
COLKC20230602game1,1,0,0,1,0,0,0
DETCHW20230602game1,1,1,0,0,0,0,1
ATLARI20230602game1,1,0,1,0,1,1,0
CHCSD20230602game1,1,0,0,1,0,0,0
NYYLAD20230602game1,1,1,1,1,1,1,1
BALSF20230602game1,1,1,1,1,1,1,0
MILTOR20230601game1,0,1,0,0,0,0,1
PHINYM20230601game1,1,1,1,0,1,1,1
SDMIA20230601game1,1,1,0,1,1,1,1
COLARI20230601game1,0,1,0,0,1,0,1
CINBOS20230601game1,1,1,0,0,1,1,1
CLEMIN20230601game1,1,1,1,0,1,1,1
LAAHOU20230601game1,1,0,1,0,1,1,1
TEXDET20230531game1,1,0,0,0,1,0,0
LAACHW20230531game1,1,0,1,1,1,1,0
TBCHC20230531game1,0,0,0,1,0,0,1
CLEBAL20230531game1,0,0,0,0,0,0,1
ATLOAK20230531game1,1,0,0,1,1,1,1
PITSF20230531game1,1,0,1,1,1,1,0
WSHLAD20230531game1,0,0,0,0,0,0,0
SDMIA20230531game1,0,0,0,0,0,0,0
MILTOR20230531game1,1,0,0,0,0,0,0
CINBOS20230531game1,0,0,0,1,0,0,0
PHINYM20230531game1,1,1,1,1,1,1,0
MINHOU20230531game1,0,1,1,1,1,1,0
COLARI20230531game1,1,1,1,1,1,1,1
NYYSEA20230531game1,0,0,1,0,1,0,1
SDMIA20230530game1,1,0,1,1,1,1,0
TEXDET20230530game1,0,1,0,1,0,0,1
CLEBAL20230530game1,0,1,1,0,1,1,1
MILTOR20230530game1,0,1,0,0,1,0,1
CINBOS20230530game1,0,0,0,0,0,0,0
PHINYM20230530game1,1,1,0,0,0,0,1
KCSTL20230530game1,1,1,1,0,1,1,1
TBCHC20230530game1,1,1,1,0,1,1,0
LAACHW20230530game1,0,0,0,0,0,0,1
MINHOU20230530game1,1,1,0,0,1,1,0
ATLOAK20230530game1,0,0,1,0,0,0,0
COLARI20230530game1,1,1,1,0,1,1,1
NYYSEA20230530game1,1,1,1,0,0,1,0
PITSF20230530game1,1,0,0,1,0,0,0
WSHLAD20230530game1,0,0,0,0,0,0,1
CLEBAL20230529game1,0,1,1,0,0,0,0
TEXDET20230529game1,1,1,0,0,0,0,1
KCSTL20230529game1,0,0,0,0,0,0,0
TBCHC20230529game1,1,1,1,1,1,1,0
COLARI20230529game1,1,1,1,1,1,1,1
MINHOU20230529game1,1,0,1,0,1,1,0
PITSF20230529game1,0,1,0,1,0,0,1
ATLOAK20230529game1,0,0,0,1,1,0,0
LAACHW20230529game1,0,0,1,0,0,0,0
WSHLAD20230529game1,1,0,1,1,1,1,1
NYYSEA20230529game1,1,1,1,0,1,1,0
LADTB20230528game1,1,1,1,1,1,1,1
SDNYY20230528game1,0,0,0,0,0,0,1
TEXBAL20230528game1,0,1,1,0,1,1,1
CHWDET20230528game1,1,0,1,0,1,1,1
STLCLE20230528game1,0,0,1,0,1,0,0
SFMIL20230528game1,0,0,0,0,0,0,0
TORMIN20230528game1,0,0,0,1,0,0,1
WSHKC20230528game1,0,0,0,0,0,0,0
CINCHC20230528game1,0,0,1,1,1,1,0
NYMCOL20230528game1,0,0,1,0,0,0,0
HOUOAK20230528game1,1,1,1,1,1,1,1
MIALAA20230528game1,0,0,0,1,0,0,0
BOSARI20230528game1,0,0,0,0,1,0,1
PITSEA20230528game1,0,1,1,0,0,0,1
PHIATL20230528game1,1,1,1,1,1,1,1
SDNYY20230527game1,1,0,0,0,0,0,1
CHWDET20230527game1,1,0,1,0,1,1,1
TORMIN20230527game1,0,0,0,0,0,0,0
TEXBAL20230527game1,1,0,1,1,0,1,0
HOUOAK20230527game1,1,1,1,1,1,1,1
LADTB20230527game1,0,0,0,0,0,0,0
PHIATL20230527game1,0,0,0,0,0,0,0
PITSEA20230527game1,0,0,0,0,0,0,1
SFMIL20230527game1,0,0,0,1,0,0,0
WSHKC20230527game1,1,1,1,1,1,1,0
BOSARI20230527game1,1,1,0,1,1,1,1
CINCHC20230527game1,0,0,0,1,0,0,0
STLCLE20230527game1,1,1,0,1,0,1,0
NYMCOL20230527game1,0,0,0,0,0,0,0
MIALAA20230527game1,0,0,0,0,0,0,0
CINCHC20230526game1,0,0,0,0,0,0,0
CHWDET20230526game1,0,0,0,0,0,0,1
LADTB20230526game1,1,1,1,1,1,1,1
SDNYY20230526game1,0,1,1,0,1,1,1
TEXBAL20230526game1,1,1,1,0,1,1,0
STLCLE20230526game1,0,0,1,1,1,1,1
PHIATL20230526game1,0,0,0,0,0,0,0
SFMIL20230526game1,1,0,0,0,0,0,0
TORMIN20230526game1,0,0,0,0,0,0,1
WSHKC20230526game1,1,0,0,0,1,0,0
NYMCOL20230526game1,1,0,1,0,1,1,1
MIALAA20230526game1,0,0,0,0,0,0,0
BOSARI20230526game1,0,0,0,0,0,0,1
HOUOAK20230526game1,1,1,1,0,1,1,1
PITSEA20230526game1,1,0,0,0,0,0,0
STLCIN20230525game1,0,0,0,1,0,0,1
TORTB20230525game1,1,1,1,0,1,1,1
MIACOL20230525game1,0,0,1,0,0,0,0
SDWSH20230525game1,0,0,0,1,0,0,1
CHWDET20230525game1,0,1,0,1,0,0,0
BALNYY20230525game1,0,0,0,1,0,0,0
PHIATL20230525game1,1,1,1,0,0,1,0
NYMCHC20230525game1,0,0,0,0,0,0,0
SFMIL20230525game1,0,0,0,0,0,0,1
OAKSEA20230525game1,1,1,1,1,1,1,1
TEXPIT20230524game1,0,0,0,1,0,0,1
ARIPHI20230524game1,1,0,0,0,1,0,0
CHWCLE20230524game1,0,0,0,0,0,0,0
HOUMIL20230524game1,1,0,0,0,0,0,0
SFMIN20230524game1,0,0,0,0,0,0,1
STLCIN20230524game1,0,0,1,0,1,0,0
TORTB20230524game1,0,1,1,0,1,1,1
BALNYY20230524game1,0,0,0,1,1,0,0
SDWSH20230524game1,1,1,1,1,1,1,0
LADATL20230524game1,0,1,0,0,0,0,1
DETKC20230524game1,0,0,0,1,1,0,0
NYMCHC20230524game1,1,1,1,1,1,1,1
MIACOL20230524game1,0,0,0,1,1,0,1
BOSLAA20230524game1,1,1,1,1,1,1,0
OAKSEA20230524game1,1,1,1,0,1,1,1
CHWCLE20230523game1,0,0,0,0,0,0,0
TEXPIT20230523game1,0,0,0,0,0,0,1
ARIPHI20230523game1,0,1,1,0,1,1,0
STLCIN20230523game1,0,0,0,0,0,0,1
TORTB20230523game1,0,0,0,1,1,0,0
BALNYY20230523game1,0,1,0,1,0,0,1
SDWSH20230523game1,1,0,0,0,1,0,1
LADATL20230523game1,1,1,1,1,1,1,0
HOUMIL20230523game1,1,1,0,1,0,1,0
NYMCHC20230523game1,1,1,1,1,1,1,0
SFMIN20230523game1,1,1,1,0,1,1,0
MIACOL20230523game1,0,1,1,1,0,1,0
BOSLAA20230523game1,1,1,1,1,1,1,0
OAKSEA20230523game1,1,1,1,1,1,1,1
CHWCLE20230522game1,1,1,1,1,1,1,1
TEXPIT20230522game1,1,1,1,1,1,1,0
ARIPHI20230522game1,0,1,1,0,1,1,0
STLCIN20230522game1,0,0,1,1,1,1,0
TORTB20230522game1,1,1,0,1,1,1,1
LADATL20230522game1,0,0,0,0,0,0,0
DETKC20230522game1,0,0,0,1,0,0,0
HOUMIL20230522game1,0,0,0,0,0,0,1
SFMIN20230522game1,1,1,1,0,0,1,0
MIACOL20230522game1,0,0,0,0,0,0,0
BOSLAA20230522game1,0,0,0,1,0,0,1
OAKSEA20230522game1,0,1,1,0,0,0,1
NYYCIN20230521game1,0,1,1,0,1,1,1
CHCPHI20230521game1,1,1,1,1,0,1,1
DETWSH20230521game1,1,1,0,0,0,0,1
SEAATL20230521game1,1,1,1,1,1,1,1
ARIPIT20230521game1,0,0,1,0,0,0,1
BALTOR20230521game1,1,1,1,0,1,1,0
MILTB20230521game1,0,0,0,0,0,0,0
CLENYM20230521game1,1,1,1,1,1,1,1
KCCHW20230521game1,0,1,1,0,1,1,1
OAKHOU20230521game1,1,1,1,1,1,1,1
LADSTL20230521game1,0,1,1,1,1,1,0
COLTEX20230521game1,1,1,1,1,1,1,1
MIASF20230521game1,1,1,1,1,1,1,1
MINLAA20230521game1,0,0,0,0,0,0,1
BOSSD20230521game1,0,0,0,1,0,0,1
CLENYM20230521game2,1,1,1,1,1,1,1
KCCHW20230520game1,0,1,1,1,0,1,1
BALTOR20230520game1,0,0,1,0,1,0,0
CHCPHI20230520game1,0,1,1,1,1,1,1
COLTEX20230520game1,1,1,1,1,1,1,1
DETWSH20230520game1,0,0,0,1,0,0,1
MIASF20230520game1,0,0,0,0,0,0,0
ARIPIT20230520game1,0,0,0,0,0,0,0
MILTB20230520game1,1,1,1,1,1,1,1
NYYCIN20230520game1,0,0,0,0,0,0,1
OAKHOU20230520game1,1,1,1,1,1,1,1
LADSTL20230520game1,0,1,0,1,0,0,1
SEAATL20230520game1,0,0,0,0,1,0,0
MINLAA20230520game1,0,0,0,0,0,0,0
BOSSD20230520game1,1,0,1,0,1,1,0
ARIPIT20230519game1,1,1,1,1,1,1,0
MILTB20230519game1,1,1,1,0,1,1,1
NYYCIN20230519game1,1,0,1,1,1,1,1
CHCPHI20230519game1,1,0,0,1,0,0,0
DETWSH20230519game1,1,1,1,1,1,1,1
BALTOR20230519game1,1,1,1,0,1,1,0
CLENYM20230519game1,1,1,1,0,0,1,1
SEAATL20230519game1,1,1,1,0,1,1,1
COLTEX20230519game1,1,1,1,0,1,1,1
KCCHW20230519game1,0,1,0,0,1,0,1
OAKHOU20230519game1,0,1,1,0,1,1,1
LADSTL20230519game1,0,0,0,0,1,0,1
MINLAA20230519game1,1,1,1,0,1,1,0
BOSSD20230519game1,0,0,1,0,1,0,0
MIASF20230519game1,1,1,1,0,1,1,1
LAABAL20230518game1,0,0,1,1,1,1,0
TBNYM20230518game1,1,1,0,1,1,1,0
WSHMIA20230518game1,0,1,1,0,0,0,1
CLECHW20230518game1,0,0,1,0,0,0,0
NYYTOR20230518game1,1,1,0,1,1,1,0
LADSTL20230518game1,1,1,1,1,1,1,0
PITDET20230517game1,0,0,0,1,0,0,0
MINLAD20230517game1,0,0,0,1,1,0,1
CINCOL20230517game1,0,0,0,0,0,0,0
ARIOAK20230517game1,0,0,0,1,1,0,1
PHISF20230517game1,1,1,1,1,1,1,0
KCSD20230517game1,0,1,1,1,1,1,1
LAABAL20230517game1,1,1,1,1,1,1,1
WSHMIA20230517game1,0,1,0,0,0,0,1
NYYTOR20230517game1,0,0,0,0,0,0,0
SEABOS20230517game1,0,0,1,0,1,0,1
TBNYM20230517game1,0,0,0,0,0,0,1
MILSTL20230517game1,0,0,0,0,0,0,0
ATLTEX20230517game1,1,0,0,0,0,0,1
CHCHOU20230517game1,1,1,1,0,1,1,1
CLECHW20230517game1,1,1,0,0,0,0,1
LAABAL20230516game1,1,0,0,0,0,0,1
PITDET20230516game1,1,1,1,0,1,1,1
WSHMIA20230516game1,0,0,0,0,0,0,1
NYYTOR20230516game1,1,0,1,1,1,1,0
SEABOS20230516game1,0,0,0,0,1,0,0
TBNYM20230516game1,0,0,0,1,0,0,0
MILSTL20230516game1,0,0,0,0,0,0,0
ATLTEX20230516game1,0,1,1,0,1,1,0
CHCHOU20230516game1,1,1,1,0,1,1,1
CLECHW20230516game1,1,0,1,0,1,1,0
CINCOL20230516game1,1,0,1,1,1,1,0
ARIOAK20230516game1,0,0,0,0,0,0,0
KCSD20230516game1,0,1,0,1,1,1,0
PHISF20230516game1,1,0,1,0,1,1,0
MINLAD20230516game1,0,0,0,1,0,0,0
