Name,Team,GP,GS,QS,W,L,SV,HLD,IP,H,ER,HR,BB,K,K/9,P/S,WAR,WHIP,ERA,IPouts,Pos,yearID,FloStrength,FloValue
A.J. Minter,ATL,70,0,0,3,6,10,21,64.7,56,27,6,21,82,11.4,0,0.9,1.19,3.76,194,RP,2023,0.9373126692878527,0.6970589621025756
A.J. Puk,MIA,58,0,0,7,5,15,2,56.7,54,25,10,13,78,12.4,0,0.6,1.18,3.97,170,RP,2023,0.8941611425993128,0.582746399831966
Aaron Bummer,CHW,61,0,0,5,5,0,15,58.3,53,44,4,36,78,12,0,-1,1.53,6.79,175,RP,2023,0.6935605781211589,0.46476530694785706
Aaron Civale,TB,23,23,1,7,5,0,0,122.3,109,47,12,33,116,11.5,82.6,-0.1,1.37,5.36,367,SP,2023,0.5565772984933857,0.7824069379970238
Aaron Loup,LAA,55,0,0,2,3,1,9,48.7,65,33,6,20,45,8.3,0,-0.6,1.75,6.1,146,RP,2023,-1.459700346167319,-0.8170966305557292
Aaron Nola,PHI,32,32,15,12,9,0,0,193.7,178,96,32,45,202,9.4,96.5,2.1,1.15,4.46,581,SP,2023,0.5862315392502664,1.3052074615261677
Adam Ottavino,NYM,66,0,0,1,7,12,12,61.7,46,22,7,29,62,9,0,1.2,1.22,3.21,185,RP,2023,0.0993952969542551,0.07049068761008666
Adam Wainwright,STL,21,21,4,5,11,0,0,101,151,83,20,41,55,4.9,85,-2,1.9,7.4,303,SP,2023,-3.089557079834564,-3.5867271846355284
Adbert Alzolay,CHC,58,0,0,2,5,22,7,64,52,19,5,13,67,9.4,0,1.8,1.02,2.67,192,RP,2023,0.6224806153333071,0.457916774498065
Adrian Houser,MIL,23,21,6,8,5,0,0,111.3,121,51,13,34,96,7.8,83.8,0.9,1.39,4.12,334,SP,2023,-0.39537399120475947,-0.5058060370240198
Adrian Martinez,OAK,22,1,0,0,2,0,1,55,59,29,8,19,47,7.7,41,0.3,1.42,4.75,165,RP,2023,-1.0531404623346161,-0.6657784532000447
Albert Abreu,NYY,45,0,0,2,2,0,3,59,52,31,9,35,61,9.3,0,-0.2,1.47,4.73,177,RP,2023,-0.46657473165230523,-0.3164127490515633
Alec Marsh,KC,17,8,1,3,9,0,0,74.3,77,47,16,39,85,10.3,84.6,-0.2,1.56,5.69,223,RP,2023,-0.6227210664270679,-0.5318181061555304
Alek Manoah,TOR,19,19,4,3,9,0,0,87.3,93,57,15,59,79,8.1,88.9,-1.1,1.74,5.87,262,SP,2023,-1.0718646681068509,-1.0755607531692881
Alex Cobb,SF,28,28,11,7,7,0,0,151.3,163,65,19,37,131,7.8,89.5,2.6,1.32,3.87,454,SP,2023,-0.2912900266108028,-0.5065767934047639
Alex Faedo,DET,15,12,4,2,5,0,1,64.7,48,32,12,20,58,8.1,79.6,0.6,1.05,4.45,194,SP,2023,0.31760973990178415,0.2361994272602924
Alex Lange,DET,67,0,0,7,5,26,6,66,43,27,6,45,79,10.8,0,1.1,1.33,3.68,198,RP,2023,0.6704929924208869,0.5086498563192935
Alex Vesia,LAD,56,1,0,2,5,1,10,49.7,52,24,7,17,64,11.6,15,-0.1,1.39,4.35,149,RP,2023,0.36777535902828445,0.21009695797362918
Alex Wood,SF,29,12,0,5,5,0,1,97.7,98,47,9,42,74,6.8,70.8,0.7,1.43,4.33,293,RP,2023,-1.1191670851020956,-1.2568117725801695
Alex Young,CIN,63,0,0,4,2,1,14,53.7,53,23,10,20,50,8.4,0,0.7,1.36,3.86,161,RP,2023,-0.8176440942536464,-0.5046837685220783
Alexis Diaz,CIN,71,0,0,9,6,37,2,67.3,44,23,4,36,86,11.5,0,1.8,1.19,3.07,202,RP,2023,1.2629272503204736,0.9769540683513548
Andre Jackson,LAD,19,7,0,1,3,2,1,61.3,52,34,11,22,57,8.2,0,-0.2,1.42,6.62,184,RP,2023,-0.4532115926581384,-0.319331846321194
Andre Pallante,STL,62,0,0,4,1,0,14,68,76,36,6,30,43,5.7,0,0.1,1.56,4.76,204,RP,2023,-1.7716079525020454,-1.384705066323438
Andres Machado,WSH,44,0,0,4,1,0,4,50,53,29,12,13,43,7.7,0,0,1.32,5.22,150,RP,2023,-1.2390066818268817,-0.7120728056476331
Andres Munoz,SEA,52,0,0,4,7,13,14,49,40,16,2,22,67,12.3,0,0.7,1.27,2.94,147,RP,2023,1.365377286013626,0.7690055978697433
Andrew Abbott,CIN,21,21,9,8,6,0,0,109.3,100,47,16,44,120,9.9,90.3,2.7,1.32,3.87,328,SP,2023,0.5737827448416442,0.7208557932320886
Andrew Chafin,MIL,63,0,0,3,4,8,14,51.3,45,27,6,28,63,7.4,0,-0.3,1.41,5.82,154,RP,2023,0.3522533778262417,0.20770802623547355
Andrew Heaney,TEX,34,28,7,10,6,0,2,147.3,143,68,23,60,151,9.2,85.4,1.4,1.38,4.15,442,SP,2023,0.12445477329393255,0.2107148058183479
Andrew Nardi,MIA,63,0,0,8,1,3,17,57.3,45,17,7,21,73,11.5,0,2.1,1.15,2.67,172,RP,2023,0.9632631580916236,0.6344250455017245
Andrew Vasquez,DET,42,0,0,2,1,0,2,48.3,46,18,4,23,43,9.3,0,-0.4,2.31,8.31,145,RP,2023,-0.6237177689871306,-0.34627089933423455
Anthony DeSclafani,SF,19,18,8,4,8,0,0,99.7,105,54,15,20,79,7.1,81.8,0.2,1.25,4.88,299,SP,2023,-0.5147447522460823,-0.589885652861315
Aroldis Chapman,TEX,61,0,0,6,5,6,14,58.3,37,20,4,36,103,15.5,0,0.4,1.28,3.72,175,RP,2023,2.6514468433788223,1.776774149068797
Austin Gomber,COL,27,27,12,9,9,0,0,139,164,85,26,43,87,5.6,80,1.1,1.49,5.5,417,SP,2023,-1.7725595046476974,-2.832020358000344
Austin Pruitt,OAK,38,6,0,2,6,0,4,48.3,44,16,5,12,30,5.6,28.3,1.4,1.16,2.98,145,RP,2023,-1.0861877568562124,-0.60302147880638
Bailey Falter,PHI,18,14,2,2,9,0,0,80.7,94,48,17,20,60,6.2,84.9,-0.3,1.44,5.13,242,SP,2023,-1.3177771203787993,-1.2223518806272313
Bailey Ober,MIN,26,26,12,8,6,0,0,144.3,125,55,22,29,146,9.1,89.5,3,1.07,3.43,433,SP,2023,0.7253650461132715,1.2031054730361503
Ben Lively,CIN,19,12,2,4,7,0,0,88.7,96,53,20,25,79,8,86.3,0.3,1.36,5.38,266,SP,2023,-0.715811622004286,-0.7297987456526457
Blake Snell,SD,32,32,20,14,9,0,0,180,115,45,15,99,234,11.7,99,6,1.19,2.25,540,SP,2023,2.014769452520605,4.168488522456424
Bobby Miller,LAD,22,22,9,11,4,0,0,124.3,105,52,12,32,119,8.6,89.1,2.1,1.1,3.76,373,SP,2023,0.7370231675114909,1.0530112611687161
Brad Hand,ATL,60,0,0,5,3,1,5,53.7,54,33,6,22,59,9,0,-0.4,1.39,7.5,161,RP,2023,-0.11340605823504055,-0.06999891180714572
Brady Singer,KC,29,29,9,8,11,0,0,159.7,182,98,20,49,133,7.5,90.1,0.3,1.45,5.52,479,SP,2023,-0.67592128635362,-1.240742867019231
Brandon Bielak,HOU,15,13,2,5,6,0,0,80,86,34,12,36,62,7,92.4,0.3,1.53,3.83,240,SP,2023,-1.0615556202309688,-0.9761430990629598
Brandon Pfaadt,ARI,19,18,3,3,9,0,0,96,109,61,22,26,94,8.8,85.2,-0.4,1.41,5.72,288,SP,2023,-0.5435042048858636,-0.5997287778050908
Brandon Williamson,CIN,23,23,7,5,5,0,0,117,111,58,18,39,98,7.5,84.3,1.6,1.28,4.46,351,SP,2023,-0.3308965803556046,-0.4449988494437441
Brandon Woodruff,MIL,11,11,7,5,1,0,0,67,40,17,9,15,74,9.9,94.8,2.4,0.82,2.28,201,SP,2023,1.7852879506939157,1.374876927545889
Braxton Garrett,MIA,31,30,10,9,7,0,0,159.7,154,65,20,29,156,8.8,81.1,3.8,1.15,3.66,479,SP,2023,0.5002318003770608,0.9182415921863978
Brayan Bello,BOS,28,28,15,12,11,0,0,157,165,74,24,45,132,7.6,93.5,3.1,1.34,4.24,471,SP,2023,-0.5016763846157414,-0.9053240503985217
Brennan Bernardino,BOS,55,6,0,2,1,0,4,50.7,48,18,4,18,58,10.3,24.7,1.3,1.3,3.2,152,RP,2023,0.3735580579074768,0.21769417857366755
Brent Honeywell,CHW,40,0,0,2,4,0,4,52.3,53,28,10,23,45,4.8,0,-0.2,2.12,11.12,157,RP,2023,-1.2186104159754254,-0.7325669512128131
Brent Suter,COL,57,2,0,4,3,0,7,69.3,65,26,3,25,55,7.1,23,0.8,1.3,3.38,208,RP,2023,-0.5590131740831574,-0.4452829076317564
Brock Burke,TEX,53,0,0,5,3,0,12,59.7,64,29,13,9,52,7.8,0,0.1,1.22,4.37,179,RP,2023,-0.9800500086824269,-0.6725170749234585
Brooks Raley,NYM,66,0,0,1,2,3,25,54.7,44,17,4,25,61,10,0,1.4,1.26,2.8,164,RP,2023,0.479251405842955,0.301322435627697
Brusdar Graterol,LAD,68,1,0,4,2,7,19,67.3,53,9,3,12,48,6.4,29,2.5,0.97,1.2,202,RP,2023,-0.18222272366281625,-0.14096079658054636
Bryan Abreu,HOU,72,0,0,3,2,5,24,72,44,14,6,31,100,12.5,0,2.5,1.04,1.75,216,RP,2023,1.7749824382346755,1.4689509833666279
Bryan Hoeing,MIA,33,7,0,2,3,0,2,70.7,71,43,13,25,53,6.8,66.1,0.1,1.36,5.48,212,RP,2023,-1.3813988888244475,-1.1225850740217063
Bryan Woo,SEA,18,18,4,4,5,0,0,87.7,75,41,13,31,93,9.5,80.4,0.6,1.21,4.21,263,SP,2023,0.6764567578165063,0.6818995133391678
Bryce Elder,ATL,31,31,16,12,4,0,0,174.7,160,74,19,63,128,6.6,91.9,2.9,1.28,3.81,524,SP,2023,-0.4624712817247187,-0.9286635967506707
Bryce Miller,SEA,25,25,9,8,7,0,0,131.3,124,63,18,26,119,8.2,83.8,1.2,1.14,4.32,394,SP,2023,0.2270091775570644,0.34260120704876507
Bryse Wilson,MIL,53,0,0,6,0,3,5,76.7,60,22,9,22,61,7.2,0,1.5,1.07,2.58,230,RP,2023,-0.3653862725539162,-0.32212789775730316
Buck Farmer,CIN,71,0,0,4,5,3,10,75,58,35,11,29,70,8.4,0,1,1.16,4.2,225,RP,2023,-0.18552145762506214,-0.15993229105608806
Cal Quantrill,CLE,19,19,8,4,7,0,0,99.7,111,58,11,35,58,5.2,90,-0.1,1.46,5.24,299,SP,2023,-1.4905162019782026,-1.7080973027267448
Caleb Ferguson,LAD,68,7,0,7,4,3,17,60.3,64,23,4,23,70,10.4,18.4,0.1,1.44,3.43,181,RP,2023,0.16803645806573442,0.11646664852142281
Camilo Doval,SF,69,0,0,6,6,39,0,67.7,51,22,3,26,87,11.6,0,1.5,1.14,2.93,203,RP,2023,1.3474862901925115,1.0485611706440578
Carlos Carrasco,NYM,20,20,3,3,8,0,0,90,115,68,18,38,66,6.6,79.4,-1.3,1.7,6.8,270,SP,2023,-1.903753096247334,-1.9693997547386215
Carlos Estevez,LAA,63,0,0,5,5,31,2,62.3,62,27,7,31,78,11.3,0,0.7,1.49,3.9,187,RP,2023,0.24574616638669308,0.1759768524815055
Carlos Hernandez,KC,67,4,0,1,10,4,17,70,62,41,10,31,77,9.9,27.8,-0.2,1.33,5.27,210,RP,2023,-0.003060220305826761,-0.002462246223079003
Carlos Rodon,NYY,14,14,3,3,8,0,0,64.3,65,49,15,28,64,9,80.9,-0.8,1.45,6.85,193,SP,2023,-0.46462688875652747,-0.34339665456373236
Charlie Morton,ATL,30,30,12,14,12,0,0,163.3,150,66,14,83,183,10.1,94.7,3.2,1.43,3.64,490,SP,2023,0.7233167318535861,1.357673819674605
Chase Anderson,TB,19,17,0,1,6,1,0,86.3,90,52,17,33,64,3.6,0,0.2,0.6,0,259,SP,2023,-1.1802262423449803,-1.1707301691307104
Chase Silseth,LAA,16,8,1,4,1,0,1,52.3,41,23,9,26,56,9.6,76,0.8,1.28,3.96,157,RP,2023,-0.05446182582222002,-0.03273969529312767
Chris Bassitt,TOR,33,33,21,16,8,0,0,200,176,80,28,59,186,8.4,95.1,2.5,1.18,3.6,600,SP,2023,0.29579846204441246,0.6799964644699137
Chris Flexen,COL,29,16,2,2,8,0,0,102.3,133,78,25,38,74,6.7,85.6,-0.2,1.54,6.27,307,RP,2023,-2.4114656128231866,-2.835550944733471
Chris Martin,BOS,55,0,0,4,1,3,23,51.3,45,6,2,8,46,8.1,0,3.2,1.03,1.05,154,RP,2023,0.23208320077816882,0.1368490597691961
Chris Murphy,BOS,20,0,0,1,2,1,0,47.7,50,26,5,17,49,9.3,0,0.1,1.41,4.91,143,RP,2023,-0.3235995536793693,-0.1774218242586887
Chris Sale,BOS,20,20,6,6,5,0,0,102.7,87,49,15,29,125,11,83.5,1.7,1.13,4.3,308,SP,2023,1.3750511674760948,1.6231925850551143
Chris Stratton,TEX,64,0,0,2,1,1,8,82.7,69,36,8,25,81,6.8,0,0.4,1.1,3.41,248,RP,2023,0.1390599010752932,0.13218682550490515
Cionel Perez,BAL,65,0,0,4,2,3,11,53.3,56,21,2,27,44,7.4,0,-0.3,1.56,3.54,160,RP,2023,-0.9232485557329226,-0.5656223910409743
Clarke Schmidt,NYY,33,32,5,9,9,0,0,159,169,82,24,46,149,8.4,84.5,0.7,1.35,4.64,477,SP,2023,-0.19410497072173483,-0.3547435671811016
Clay Holmes,NYY,66,0,0,4,4,24,5,63,51,20,2,23,71,10.1,0,1.8,1.17,2.86,189,RP,2023,0.8056586182017007,0.5834079649046798
Clayton Kershaw,LAD,24,24,11,13,5,0,0,131.7,100,36,19,40,137,9.4,84.4,3.7,1.06,2.46,395,SP,2023,0.9602647417077479,1.4536421434817286
Cody Bradford,TEX,20,8,0,4,3,0,0,56,56,33,11,12,51,8.2,78.8,0,1.21,5.3,168,RP,2023,-0.7058130331059026,-0.45431643510264996
Cole Irvin,BAL,24,12,1,1,4,0,1,77.3,78,38,11,21,68,7.9,78.1,0.1,1.28,4.42,232,RP,2023,-0.7029748721323721,-0.6245972139750846
Cole Ragans,KC,29,12,7,7,5,0,3,96,70,37,7,41,113,11.2,97.6,2.6,1.07,2.64,288,RP,2023,0.8936428951846875,0.986088711927931
Colin Holderman,PIT,58,0,0,0,3,2,27,56,55,24,4,20,58,9.3,0,0.7,1.34,3.86,168,RP,2023,-0.016967713488621146,-0.010921746613365335
Colin Poche,TB,66,0,0,12,3,1,22,60.7,42,15,4,24,61,9,0,1.7,1.09,2.23,182,RP,2023,0.5227407123404817,0.3647167958513476
Colin Rea,MIL,26,22,4,6,6,0,0,124.7,110,63,23,38,110,7.9,82.9,0.7,1.19,4.55,374,SP,2023,-0.08610229397090081,-0.12341328802495784
Collin McHugh,ATL,41,1,0,4,1,0,7,58.7,70,28,5,22,47,7.2,49,-0.3,1.57,4.3,176,RP,2023,-1.3104402017824046,-0.8841705729267489
Connor Seabold,COL,27,13,2,1,7,0,0,87.3,116,73,19,28,67,6.9,79.8,-1.2,1.65,7.52,262,RP,2023,-2.158412326869189,-2.165855127996324
Corbin Burnes,MIL,32,32,19,10,8,0,0,193.7,141,73,22,66,200,9.3,96.2,3.6,1.07,3.39,581,SP,2023,1.0847156653560532,2.415050854936408
Corey Kluber,BOS,15,9,1,3,6,1,0,55,69,43,17,21,42,6.9,85.6,-0.8,1.64,7.04,165,RP,2023,-2.441703238541452,-1.5436054956296534
Craig Kimbrel,PHI,71,0,0,8,6,23,7,69,44,25,10,28,94,12.3,0,1.8,1.04,3.26,207,RP,2023,1.4313295710067129,1.1351924183846345
Cristian Javier,HOU,31,31,11,10,5,0,0,162,143,82,25,62,159,8.8,93,1.1,1.27,4.56,486,SP,2023,0.25304197185928484,0.4711816027724614
Cristopher Sanchez,PHI,19,18,7,3,5,0,0,99.3,88,38,16,16,96,8.7,80.6,2.1,1.05,3.44,298,SP,2023,0.5483822519024529,0.6259121564817652
Dakota Hudson,STL,18,12,4,6,3,0,1,81.3,88,45,9,34,45,5,85.8,0.5,1.5,4.98,244,SP,2023,-1.623155688403159,-1.5168110053698487
Dane Dunning,TEX,35,26,12,12,7,0,3,172.7,163,71,20,55,140,7.3,88.3,3,1.26,3.7,518,SP,2023,-0.2215500071830969,-0.43978949701748077
Daniel Bard,COL,50,0,0,4,2,1,6,49.3,35,25,5,49,47,8.6,0,0.1,1.7,4.56,148,RP,2023,-0.7384522811360905,-0.4184562926437846
Daniel Lynch IV,KC,9,9,4,3,4,0,0,52.3,50,27,9,16,34,5.8,89.8,0.5,1.26,4.64,157,SP,2023,-1.0268924254553913,-0.6173157913944478
Danny Coulombe,BAL,61,0,0,5,3,2,22,51.3,45,16,4,12,58,10.2,0,1.1,1.11,2.81,154,RP,2023,0.6827213647084419,0.4025701840177364
Dauri Moreta,PIT,55,0,0,5,2,1,5,58,39,24,4,24,76,11.8,0,0.7,1.09,3.72,174,RP,2023,1.469836024373319,0.979890682915546
David Bednar,PIT,66,0,0,3,3,39,0,67.3,53,15,3,21,80,10.7,0,2.5,1.1,2,202,RP,2023,1.0794161425130717,0.8349966251853991
David Peterson,NYM,27,21,4,3,8,0,1,111,124,62,16,50,128,10.4,88,0.6,1.57,5.03,333,SP,2023,0.16543639411872663,0.2110740200825133
David Robertson,MIA,62,0,0,6,6,18,10,65.3,53,22,7,25,78,12.7,0,-0.2,1.59,5.06,196,RP,2023,0.6902701258301166,0.5180993013414553
Dean Kremer,BAL,32,32,14,13,5,0,0,172.7,171,79,27,55,157,8.2,91.4,1.5,1.31,4.12,518,SP,2023,-0.1762261888119724,-0.34981911273365096
Derek Law,CIN,54,3,0,4,6,2,3,55,50,22,6,26,45,7.4,22,1,1.38,3.6,165,RP,2023,-0.842752162909338,-0.5327743558622251
Devin Williams,MIL,61,0,0,8,3,36,0,58.7,26,10,4,28,87,13.3,0,2.6,0.92,1.53,176,RP,2023,2.438512885151647,1.6452954753839273
Domingo German,NYY,20,19,6,5,7,0,0,108.7,83,55,20,34,114,9.4,83.2,0.8,1.08,4.56,326,SP,2023,0.7901737182918107,0.9872630250381589
Dominic Leone,SEA,51,0,0,1,3,1,3,54,49,28,14,28,54,8.7,0,0.1,1.45,4.35,162,RP,2023,-0.9275958697532333,-0.5757491605364896
Drew Smith,NYM,63,0,0,4,6,3,12,56.3,50,26,7,29,60,9.6,0,0.1,1.4,4.15,169,RP,2023,-0.15449365553456545,-0.09997692881144868
Drew Smyly,CHC,41,23,5,11,11,0,1,142.3,147,79,26,56,141,8.9,84.6,0,1.43,5,427,RP,2023,-0.7607597135071502,-1.2443230716329596
Drew VerHagen,STL,60,0,0,5,1,0,14,61,52,27,9,26,60,8.9,0,0.5,1.28,3.98,183,RP,2023,-0.27790531553929787,-0.1948531522746801
Dustin May,LAD,9,9,4,4,1,0,0,48,29,14,1,16,34,6.4,81.8,1.5,0.94,2.63,144,SP,2023,0.6947552036102961,0.38331321578499095
Dylan Cease,CHW,33,33,12,7,9,0,0,177,172,90,19,79,214,10.9,98.8,2.4,1.42,4.58,531,SP,2023,0.9058752417348854,1.8429875607709736
Dylan Floro,MIN,62,0,0,5,6,7,9,56.7,70,30,3,17,58,9,0,-0.1,1.65,5.29,170,RP,2023,-0.481031928809737,-0.31350011912082865
Eduardo Rodriguez,DET,26,26,14,13,9,0,0,152.7,128,56,15,48,143,8.4,94.1,3.5,1.15,3.3,458,SP,2023,0.5752539108475363,1.0096697952461928
Edward Cabrera,MIA,22,20,3,7,7,0,0,99.7,78,47,11,66,118,10.7,82.2,1.8,1.44,4.24,299,SP,2023,0.9227756870914166,1.0574797241725773
Eli Morgan,CLE,61,0,0,5,2,1,8,67.3,73,30,9,24,75,10,0,-0.2,1.44,4.01,202,RP,2023,-0.2510393890905919,-0.1941948377677797
Elvis Peguero,MIL,59,0,0,4,5,1,21,61.3,49,23,4,26,54,7.9,0,0.9,1.22,3.38,184,RP,2023,-0.15116222872649587,-0.1065085588613126
Emilio Pagan,MIN,66,1,0,5,2,1,8,69.3,45,23,5,21,65,8.4,15,1.4,0.95,2.99,208,RP,2023,0.532724259744729,0.42434242758976687
Emmanuel Clase,CLE,75,0,0,3,9,44,0,72.7,68,26,4,16,64,7.9,0,0.5,1.16,3.22,218,RP,2023,-0.11340605823504055,-0.09476575211134998
Emmet Sheehan,LAD,13,11,3,4,1,1,0,60.3,46,33,11,26,64,9.5,85.1,0.3,1.19,4.92,181,SP,2023,0.6364204667079028,0.4411052200285808
Enyel De Los Santos,CLE,70,0,0,5,2,0,16,65.7,50,24,4,25,62,8.5,0,1.1,1.14,3.29,197,RP,2023,0.21584808847495698,0.16300252198626064
Erasmo Ramirez,TB,38,2,0,3,3,0,3,60.3,82,43,11,13,43,8.1,52.5,-0.7,1.59,6.48,181,RP,2023,-2.0962965139905005,-1.4529503424554848
Erik Swanson,TOR,69,0,0,4,2,4,29,66.7,52,22,8,21,75,10.1,0,1.4,1.1,2.97,200,RP,2023,0.6047751615609669,0.46366095719674133
Eury Perez,MIA,19,19,6,5,6,0,0,91.3,72,32,15,31,108,10.6,80.7,2.5,1.13,3.15,274,SP,2023,1.2292883096939577,1.290046237644349
Evan Phillips,LAD,62,0,0,2,4,24,6,61.3,38,14,6,13,66,9.7,0,1.6,0.83,2.05,184,RP,2023,1.0696206171638927,0.7536522279557082
Felix Bautista,BAL,56,0,0,8,2,33,1,61,30,10,4,26,110,16.2,0,3,0.92,1.48,183,RP,2023,3.4043472902713847,2.3869561460523503
Fernando Cruz,CIN,58,2,0,1,2,0,7,66,52,36,6,28,98,13.4,26,0.2,1.21,4.91,198,RP,2023,1.641591816367782,1.245345515865214
Framber Valdez,HOU,31,31,20,12,11,0,0,198,166,76,19,57,200,9.1,95.2,3.1,1.13,3.45,594,SP,2023,0.8869749488772053,2.0186326422722605
Freddy Peralta,MIL,30,30,16,12,10,0,0,165.7,131,71,26,54,210,11.4,94.6,2,1.12,3.86,497,SP,2023,1.575354334142255,3.000416243303122
Gabe Speier,SEA,69,0,0,2,2,1,17,54.7,47,23,7,11,64,10.5,0,0.6,1.06,3.79,164,RP,2023,0.7050256778726676,0.44327476528315995
Garrett Whitlock,BOS,22,10,3,5,5,1,3,71.7,82,41,13,13,72,9,83.2,0.2,1.33,5.15,215,RP,2023,-0.6415845852489949,-0.5287541926707233
Gavin Williams,CLE,16,16,4,3,5,0,0,82,66,30,8,37,81,8.9,86.6,1.8,1.26,3.29,246,SP,2023,0.6054312779951222,0.5706363769609197
Genesis Cabrera,TOR,61,0,0,2,1,0,11,55.7,49,25,8,24,58,7.6,0,0.2,0.97,2.66,167,RP,2023,-0.15498279359765504,-0.09922461613091248
George Kirby,SEA,31,31,20,13,10,0,0,190.7,179,71,22,19,172,8.1,91.1,3.9,1.04,3.35,572,SP,2023,0.4921353422465704,1.0787380432921951
George Soriano,MIA,26,1,0,0,0,1,0,52,46,22,6,23,52,9,59,0.4,1.33,3.81,156,RP,2023,-0.2023855683104448,-0.12096608680624288
Gerrit Cole,NYY,33,33,24,15,4,0,0,209,157,61,20,48,222,9.6,99.4,7.5,0.98,2.63,627,SP,2023,1.398231202406749,3.3589692103794313
Giovanny Gallegos,STL,56,0,0,2,4,10,20,55,54,27,11,12,59,9.7,0,0.3,1.2,4.42,165,RP,2023,-0.18353549137679992,-0.11602818420372409
Graham Ashcraft,CIN,26,26,15,7,9,0,0,145.7,148,77,23,52,111,6.9,89.4,2.4,1.37,4.76,437,SP,2023,-0.8283855753742638,-1.3873077969198877
Grayson Rodriguez,BAL,23,23,7,7,4,0,0,122,121,59,16,42,129,9.5,91.5,0.9,1.34,4.35,366,SP,2023,0.4001121991400713,0.5610768769550425
Gregory Santos,CHW,60,0,0,2,2,5,6,66.3,69,25,2,17,66,9,0,1.3,1.3,3.39,199,RP,2023,0.03793325848487618,0.028907759052267706
Gregory Soto,PHI,69,0,0,3,4,3,24,60.3,47,31,6,22,65,9.7,0,0,1.14,4.62,181,RP,2023,0.46227181601654466,0.32040218972181195
Griffin Canning,LAA,24,22,8,7,8,0,0,127,121,61,22,36,139,9.9,93.4,2,1.24,4.32,381,SP,2023,0.5537140378869202,0.8082952047314813
Griffin Jax,MIN,71,0,0,6,10,4,23,65.3,58,28,5,19,68,9.4,0,0.7,1.18,3.86,196,RP,2023,0.3002508012102609,0.2253606588394257
Hayden Wesneski,CHC,34,11,3,3,5,0,2,89.3,82,46,20,32,83,8.4,72.9,0.3,1.28,4.63,268,RP,2023,-0.7885256867253754,-0.8093717680985748
Hector Neris,HOU,71,0,0,6,3,2,31,68.3,41,13,7,31,77,10.1,0,2.5,1.05,1.71,205,RP,2023,0.8812063294686691,0.6917976126748286
Hoby Milner,MIL,73,0,0,2,1,0,17,64.3,49,13,5,13,59,8.3,0,1.8,0.96,1.82,193,RP,2023,0.342652152340442,0.25324751029299336
Hogan Harris,OAK,14,6,2,3,6,0,0,63,67,50,10,28,56,8,86.5,-0.9,1.51,7.14,189,RP,2023,-1.1305043001583674,-0.8186410449422661
Huascar Brazoban,MIA,50,0,0,5,2,0,13,58.7,53,27,5,31,65,10,0,0.9,1.43,4.14,176,RP,2023,0.07075304077224621,0.047737971187710955
Hunter Brown,HOU,31,29,11,11,13,0,0,155.7,157,88,26,55,178,10.3,92.3,0,1.36,5.09,467,SP,2023,0.48403596015142464,0.8662574597192737
Hunter Greene,CIN,22,22,7,4,7,0,0,112,111,60,19,48,152,12.2,95,0.9,1.42,4.82,336,SP,2023,1.1299306422287492,1.4546233555128725
Hunter Harvey,WSH,57,0,0,4,4,10,19,60.7,44,19,7,13,67,9.9,0,1.9,0.94,2.82,182,RP,2023,0.8408140976282428,0.5866369623682108
Hyun Jin Ryu,TOR,11,11,1,3,3,0,0,52,53,20,9,14,38,6.6,75.5,0.4,1.29,3.46,156,SP,2023,-0.8533569784895649,-0.5100524469133032
Ian Gibaut,CIN,74,0,0,8,4,3,23,75.7,69,28,8,28,69,8.2,0,1.8,1.28,3.33,227,RP,2023,-0.3891254611660629,-0.33858387827897657
Ian Hamilton,NYY,39,3,0,3,2,2,5,58,45,17,2,26,69,10.7,22.7,1.6,1.22,2.64,174,RP,2023,0.9376538117318536,0.625102541154569
J.P. France,HOU,24,23,13,11,6,0,0,136.3,138,58,19,47,101,6.7,92.7,1.5,1.36,3.83,409,SP,2023,-0.7901366945049734,-1.2378808213911252
JP Sears,OAK,32,32,9,5,14,0,0,172.3,165,87,34,53,161,8.4,89.6,2.5,1.26,4.54,517,SP,2023,-0.16235293938777792,-0.3215334650174039
Jack Flaherty,BAL,29,27,1,8,9,0,1,144.3,162,80,17,66,148,10.9,86.3,-0.6,1.67,6.75,433,SP,2023,-0.19002291693364853,-0.3151759415347757
Jacob Webb,BAL,54,0,0,1,1,1,12,53.7,39,22,6,30,57,9.4,0,0.4,1.18,3.27,161,RP,2023,0.1884102429157905,0.11629459821353966
Jaime Barria,LAA,34,6,0,2,6,0,2,82.3,91,52,20,30,62,6.8,78.2,-0.9,1.47,5.68,247,RP,2023,-1.850240648382968,-1.7502851191025088
Jake Bird,COL,70,3,0,3,3,0,13,89.3,94,43,6,27,77,7.8,27.7,1,1.35,4.33,268,RP,2023,-0.6154180896765716,-0.6316877633116993
Jake Diekman,CHW,63,0,0,0,2,0,8,56.7,37,21,3,38,64,8.7,0,-0.6,2.12,7.94,170,RP,2023,0.6218456829143524,0.4052718416234918
Jake Irvin,WSH,24,24,8,3,7,0,0,121,118,62,20,54,99,7.4,89.5,1.1,1.42,4.61,363,SP,2023,-0.7134988269756625,-0.9923374490121283
Jake Woodford,STL,15,8,0,2,3,0,0,47.7,61,33,11,22,29,5.5,81.9,-0.4,1.74,6.23,143,RP,2023,-2.7974153077549313,-1.5337552894242554
Jakob Junis,SF,40,4,0,4,3,1,2,86,90,37,12,21,96,10,50,0.8,1.29,3.87,258,RP,2023,-0.005531285402311083,-0.005467707409181071
James Kaprielian,OAK,14,11,3,2,6,0,0,61,66,43,9,31,57,8.4,92.8,-0.3,1.59,6.34,183,SP,2023,-0.6153143640100102,-0.43142731269667384
James Paxton,BOS,19,19,8,7,5,0,0,96,93,48,18,33,101,9.5,88.9,1.1,1.31,4.5,288,SP,2023,0.19809174368711466,0.21858399303405754
Jameson Taillon,CHC,30,29,9,8,10,1,0,154.3,156,83,27,41,140,8.2,85.5,-0.1,1.28,4.84,463,SP,2023,-0.2256634475956104,-0.4002283903908355
Jared Shuster,ATL,11,11,1,4,3,0,0,52.7,53,34,7,26,30,5.1,78.5,-0.1,1.5,5.81,158,SP,2023,-1.592761795262128,-0.9648108805783235
Jason Adam,TB,56,0,0,4,2,12,11,54.3,35,18,7,20,69,11.4,0,0.7,1.01,2.98,163,RP,2023,1.2494996082857854,0.7798601003438866
Jason Foley,DET,70,0,0,3,3,7,28,69,65,20,2,15,55,7.2,0,2,1.16,2.61,207,RP,2023,-0.2813121048917529,-0.22310960043139025
Javier Assad,CHC,32,10,4,5,3,0,3,109.3,93,37,13,41,94,7.7,84.7,2.3,1.23,3.05,328,RP,2023,-0.46725061451261063,-0.587017151335958
Jeff Hoffman,PHI,54,0,0,5,2,1,11,52.3,29,14,3,19,69,11.9,0,2,0.92,2.41,157,RP,2023,1.8906978438008577,1.1365919221929293
Jesse Scholtens,CHW,26,11,3,1,9,1,1,85,100,50,15,30,58,6.1,86.7,0.3,1.53,5.29,255,RP,2023,-1.95967296293114,-1.9146230097603092
Jesus Luzardo,MIA,32,32,17,10,10,0,0,178.7,163,72,22,55,208,10.5,93.4,4,1.22,3.63,536,SP,2023,1.0771138388821464,2.212416586301604
Jhoan Duran,MIN,59,0,0,3,6,27,1,62.3,46,17,6,25,84,12.1,0,1.9,1.14,2.45,187,RP,2023,1.3479719591913237,0.965271874225511
Jhony Brito,NYY,25,13,0,9,7,1,1,90.3,82,43,14,28,72,7.2,71.2,0.7,1.22,4.28,271,RP,2023,-0.8324390109767263,-0.8640142838068781
Joan Adon,WSH,12,10,2,2,4,0,0,51.7,60,37,8,24,48,8.4,83.7,-0.3,1.63,6.45,155,SP,2023,-0.7948769404246718,-0.4723579059765004
Joe Jimenez,ATL,59,0,0,0,3,0,13,56.3,51,19,9,14,73,11.7,0,0.9,1.15,3.04,169,RP,2023,0.7905210823545074,0.5115670912248134
Joe Musgrove,SD,17,17,11,10,3,0,0,97.3,90,33,10,21,97,9,91.2,1.9,1.14,3.05,292,SP,2023,0.7103812616453983,0.794483870782727
Joe Ryan,MIN,29,29,14,11,10,0,0,161.7,155,81,32,34,197,11,92.5,1.2,1.17,4.51,485,SP,2023,0.9893544489282974,1.8388346481805249
Joel Payamps,MIL,69,0,0,7,5,3,27,70.7,57,20,8,17,77,9.8,0,1.6,1.05,2.55,212,RP,2023,0.5752452204471374,0.46746939178865077
Joey Wentz,DET,25,19,1,3,13,0,0,105.7,131,81,25,47,98,8.3,79.9,-1.9,1.68,6.9,317,SP,2023,-1.3297506228275937,-1.6155705842859385
Johan Oviedo,PIT,32,32,14,9,14,0,0,177.7,161,85,19,83,158,8,93.1,2.1,1.37,4.31,533,SP,2023,-0.06973502005484844,-0.14243578234191456
Johnny Cueto,MIA,13,10,1,1,4,0,0,52.3,51,35,17,15,39,6.7,77.9,-0.2,1.26,6.02,157,SP,2023,-1.3742794130973648,-0.8261472793677261
Jon Gray,TEX,29,29,12,9,8,0,0,157.3,149,72,22,54,142,8.1,82.5,2.2,1.29,4.12,472,SP,2023,-0.05754528597360618,-0.10404452280055462
Jordan Hicks,TOR,65,0,0,3,9,12,13,65.7,57,24,4,32,81,8.3,0,0.5,1.08,2.63,197,RP,2023,0.6979702318717391,0.5270878647583134
Jordan Lyles,KC,31,31,4,6,17,0,0,177.7,176,124,39,45,120,6.1,90.9,-1.3,1.24,6.28,533,SP,2023,-1.1514238763489826,-2.3518163543357957
Jordan Montgomery,TEX,32,32,8,10,11,0,0,188.7,177,67,18,48,166,7.7,90.3,2.1,1.09,2.79,566,SP,2023,0.23413955294798558,0.5078406165664928
Jordan Romano,TOR,59,0,0,5,7,36,2,59,48,19,6,24,72,11,0,2.1,1.22,2.9,177,RP,2023,0.7498951434516063,0.5085495800418939
Jordan Weems,WSH,51,0,0,5,1,0,7,54.7,38,22,9,28,60,9.9,0,0.7,1.21,3.62,164,RP,2023,0.23936624181138538,0.1504980853687676
Jorge Lopez,BAL,61,0,0,6,2,3,10,59,67,39,12,22,49,10.5,0,-0.1,1.25,5.25,177,RP,2023,-1.5391610731417755,-1.0437988886823535
Jose Berrios,TOR,32,32,15,11,12,0,0,189.7,173,77,25,52,184,8.7,91.8,2.4,1.19,3.65,569,SP,2023,0.4234264818478643,0.9232644092705731
Jose Cisnero,DET,63,0,0,3,4,2,14,59.3,63,35,10,25,70,10.6,0,-0.4,1.48,5.31,178,RP,2023,-0.23047127959122882,-0.15709134344551573
Jose Cuas,CHC,72,2,0,3,2,1,10,65.3,63,29,8,35,71,7.2,13,0.5,1.31,3.04,196,RP,2023,-0.29068756942588403,-0.21818273889092216
Jose Hernandez,PIT,50,0,0,1,3,0,5,50.7,47,28,9,22,62,11,0,-0.1,1.36,4.97,152,RP,2023,0.16051125709512545,0.09353931878991795
Jose Leclerc,TEX,57,0,0,0,2,4,8,57,37,17,5,28,67,10.6,0,1.4,1.14,2.68,171,RP,2023,0.9153764167840714,0.599729376513702
Jose Quintana,NYM,13,13,8,3,6,0,0,75.7,75,30,5,24,60,7.1,94.5,1.6,1.31,3.57,227,SP,2023,-0.186430674234711,-0.162216115397329
Jose Urquidy,HOU,16,10,2,3,3,1,0,63,65,37,11,25,45,6.4,82,-0.1,1.43,5.29,189,SP,2023,-1.1722899866990242,-0.8488996455406727
Josh Fleming,TB,12,3,0,2,0,0,1,51.7,56,27,9,19,25,4.4,74.7,0,1.45,4.7,155,RP,2023,-2.367078328916246,-1.4066430989077003
Josh Hader,SD,61,0,0,2,3,33,0,56.3,32,8,3,30,85,13.6,0,2.4,1.1,1.28,169,RP,2023,2.2011952563048625,1.4244516428731466
Josh Sborz,TEX,44,0,0,6,7,0,14,52.3,43,32,8,17,66,11.4,0,-0.5,1.15,5.5,157,RP,2023,0.7854934860604726,0.4721989577122151
Josh Winckowski,BOS,60,1,0,4,4,3,19,84.3,89,27,9,31,82,8.8,21,1.9,1.42,2.88,253,RP,2023,-0.5350661775031308,-0.5184606754426888
Josiah Gray,WSH,30,30,11,8,13,0,0,159,152,69,22,80,143,8.1,93.7,3.2,1.46,3.91,477,SP,2023,-0.3636109943788763,-0.6645304380027739
Julian Merryweather,CHC,69,0,0,5,1,2,17,72,58,27,8,36,98,12.3,0,1.1,1.31,3.38,216,RP,2023,1.0239188316842203,0.8473811020834926
Julio Teheran,MIL,14,11,5,3,5,0,0,71.7,68,35,13,13,50,6.3,85.4,0.5,1.13,4.4,215,SP,2023,-0.6710811501942345,-0.5530634306773174
Julio Urias,LAD,21,21,11,11,8,0,0,117.3,112,60,24,24,117,9,88,0.7,1.16,4.6,352,SP,2023,0.21190091304664055,0.2857008862111602
Justin Lawrence,COL,69,0,0,4,7,11,11,75,65,31,5,36,78,9.4,0,1.4,1.35,3.72,225,RP,2023,0.09263794002216397,0.07986029312255515
Justin Steele,CHC,30,30,20,16,5,0,0,173.3,167,59,14,36,176,9.1,89.3,3.8,1.17,3.06,520,SP,2023,0.7844667060670408,1.5626216110507836
Justin Topa,SEA,75,0,0,5,4,3,23,69,61,20,4,18,61,8,0,1.6,1.14,2.61,207,RP,2023,-0.05743737601613643,-0.045553780978315105
Justin Verlander,HOU,27,27,6,13,8,0,0,162.3,139,58,18,45,144,8.3,94.6,1.3,1.12,3.31,487,SP,2023,0.3659775318249248,0.6827373955768425
Ken Waldichuk,OAK,35,22,4,4,9,1,0,141,149,84,24,71,132,8.4,85,-0.1,1.56,5.36,423,SP,2023,-0.6372915204022979,-1.0328517744451033
Kendall Graveman,HOU,68,0,0,5,6,8,13,66.3,51,23,9,36,66,9.7,0,0.5,1.52,2.42,199,RP,2023,-0.18325497364423288,-0.13965292819094988
Kenta Maeda,MIN,21,20,6,6,8,0,0,104.3,94,49,17,28,117,10.1,81.9,1.1,1.17,4.23,313,SP,2023,0.8530222343893422,1.0226461959403264
Kevin Gausman,TOR,31,31,20,12,9,0,0,185,163,65,19,55,237,11.5,99,3.4,1.18,3.16,555,SP,2023,1.6724675107197498,3.5563964308408473
Kevin Ginkel,ARI,60,0,0,9,1,4,8,65.3,41,18,3,23,70,9.6,0,1.3,0.98,2.48,196,RP,2023,1.0211956133863578,0.7664836040704501
Kevin Kelly,TB,57,0,0,5,2,1,12,67,53,23,2,15,56,7.5,0,0.7,1.01,3.09,201,RP,2023,0.17474953338704002,0.13457722686128368
Keynan Middleton,NYY,51,0,0,2,2,2,5,50.7,40,19,8,23,64,10.7,0,0.4,0.98,1.88,152,RP,2023,0.6474753732376428,0.37732185543848845
Kirby Yates,ATL,61,0,0,7,2,5,9,60.3,35,22,9,37,80,11.9,0,1.1,1.19,3.28,181,RP,2023,1.1147067401683413,0.7726070854270227
Kodai Senga,NYM,29,29,16,12,7,0,0,166.3,126,55,17,77,202,10.9,96.4,4.5,1.22,2.98,499,SP,2023,1.4768744746178708,2.8230370704477235
Kutter Crawford,BOS,31,23,4,6,8,0,2,129.3,107,58,17,36,135,9.4,77.5,2.5,1.11,4.04,388,SP,2023,0.8950264026115666,1.3301944121571905
Kyle Bradish,BAL,30,30,18,12,7,0,0,168.7,132,53,14,44,168,9,88,4.9,1.04,2.83,506,SP,2023,1.0867617913601124,2.1073185540511603
Kyle Finnegan,WSH,67,0,0,7,5,28,8,69.3,66,29,11,24,63,8.2,0,1,1.3,3.76,208,RP,2023,-0.6592747751489838,-0.5251464588255698
Kyle Freeland,COL,29,29,12,6,14,0,0,155.7,187,87,29,42,94,5.4,83.2,1.7,1.47,5.03,467,SP,2023,-1.8336446238620254,-3.281591585463418
Kyle Gibson,BAL,33,33,17,15,9,0,0,192,198,101,23,55,157,7.4,92.1,0.9,1.32,4.73,576,SP,2023,-0.3867336363939388,-0.8534811285935201
Kyle Hendricks,CHC,24,24,12,6,8,0,0,137,138,57,13,27,93,6.1,87.8,1.4,1.2,3.74,411,SP,2023,-0.5429115251969141,-0.854929643126175
Kyle Muller,OAK,21,13,0,1,5,0,0,77,112,65,16,39,56,6.5,86.5,-1.4,1.96,7.6,231,SP,2023,-2.563324036643659,-2.2686890899030088
Kyle Nelson,ARI,68,2,0,7,4,0,11,56,59,26,12,14,67,10.8,15,0,1.3,4.18,168,RP,2023,-0.07207533905800366,-0.0463933216925081
Lance Lynn,LAD,32,32,7,13,11,0,0,183.7,189,117,44,67,191,6.6,95.1,0.3,1.27,4.36,551,SP,2023,-0.26493059421101495,-0.5593994270869361
Logan Allen,CLE,24,24,7,7,8,0,0,125.3,127,53,16,48,119,8.5,88.9,1.5,1.4,3.81,376,SP,2023,-0.0831073152885097,-0.11969363914540536
Logan Gilbert,SEA,32,32,18,13,7,0,0,190.7,169,79,29,36,189,8.9,91.3,3.1,1.08,3.73,572,SP,2023,0.6244155032517662,1.3686900743691013
Logan Webb,SF,33,33,24,11,13,0,0,216,201,78,20,31,194,8.1,96.4,5.6,1.07,3.25,648,SP,2023,0.5227507389491172,1.2978639035978081
Louie Varland,MIN,17,10,5,4,3,0,2,68,66,35,16,17,71,9.4,91.8,0.5,1.22,4.63,204,RP,2023,-0.4314173804232333,-0.3371997915951709
Lucas Erceg,OAK,50,0,0,4,4,0,11,55,51,29,1,36,68,11.1,0,-0.1,1.58,4.75,165,RP,2023,0.4756811801557382,0.300717987454777
Lucas Giolito,LAA,33,33,2,8,15,0,0,184.3,169,100,41,73,204,9.4,96.2,-0.5,1.47,6.89,553,SP,2023,0.2803026531925633,0.5937905630274646
Lucas Sims,CIN,67,0,0,7,3,3,23,61,33,21,5,39,72,10.6,0,1.8,1.18,3.1,183,RP,2023,0.9748197977777386,0.6834943409705984
Luis Castillo,SEA,33,33,18,14,9,0,0,197,160,73,28,56,219,10,97.2,3.4,1.1,3.34,591,SP,2023,1.1142096129196535,2.522980387875537
Luis Garcia,HOU,67,6,2,4,5,0,10,86.7,84,39,9,34,84,10.3,77.5,0.5,1.3,4,260,RP,2023,-0.3721057449357528,-0.3708226216773537
Luis Medina,OAK,23,17,3,3,10,0,0,109.7,109,66,14,57,106,8.7,86.4,-0.1,1.51,5.42,329,SP,2023,-0.2106081964854213,-0.26555999028104277
Luis Ortiz,PHI,32,15,0,5,5,1,0,105.7,122,53,14,53,75,7.6,0,0.3,1.47,3.32,317,RP,2023,-1.885254855826712,-2.290476301849235
Luis Severino,NYY,19,18,5,4,8,0,0,89.3,113,66,23,34,79,8,88.2,-1.5,1.65,6.65,268,SP,2023,-1.523098055351494,-1.5633638660102114
Luke Weaver,NYY,29,25,0,3,6,0,0,123.7,155,88,29,40,109,10.8,76.3,0.3,1.28,3.38,371,SP,2023,-1.3061538543329632,-1.857140595183765
MacKenzie Gore,WSH,27,27,8,7,10,0,0,136.3,134,67,27,57,151,10,91.2,2,1.4,4.42,409,SP,2023,0.1788349541837176,0.28017476155449095
Marco Gonzales,SEA,10,10,4,4,1,0,0,50,55,29,5,18,34,6.1,81.1,-0.3,1.46,5.22,150,SP,2023,-1.0793674702616058,-0.6203261323342562
Marcus Stroman,CHC,27,25,15,10,9,0,0,136.7,120,60,9,52,119,7.8,86.4,1.6,1.26,3.95,410,SP,2023,0.2685941892163955,0.4220324789181754
Mark Leiter Jr.,CHC,69,0,0,1,3,4,28,64.3,48,25,7,24,77,10.8,0,1,1.12,3.5,193,RP,2023,0.8587180222021724,0.6346617106620653
Martin Perez,TEX,35,20,8,10,4,0,2,141.7,150,70,21,49,93,5.9,87.6,0.8,1.4,4.45,425,RP,2023,-1.6492077194230723,-2.6861233774971187
Mason Englert,DET,31,1,0,4,3,0,2,56,67,34,12,17,41,6.6,45,-0.6,1.5,5.46,168,RP,2023,-1.9181807956323178,-1.2346910868437908
Mason Thompson,WSH,51,0,0,4,4,1,10,54,62,33,4,22,44,7.3,0,-0.4,1.56,5.5,162,RP,2023,-1.1704244100305892,-0.7264703234672623
Matt Brash,SEA,78,0,0,9,4,4,24,70.7,65,24,3,29,107,13.6,0,1.3,1.33,3.06,212,RP,2023,1.6355495701641414,1.3291190185126989
Matt Manning,DET,15,15,4,5,4,0,0,78,60,31,11,21,50,5.8,78.8,1.2,1.04,3.58,234,SP,2023,-0.37794396769017324,-0.33884631586015534
Matt Moore,MIA,50,0,0,5,1,0,22,52.7,46,15,7,15,60,6.8,0,0.3,1.25,0,158,RP,2023,0.4283989459872061,0.2595014305002961
Matt Strahm,PHI,56,10,0,9,5,2,11,87.7,68,32,11,21,108,11.1,51.5,2.2,1.02,3.29,263,RP,2023,1.0419232244170045,1.0503065147284056
Matthew Boyd,DET,15,15,2,5,5,0,0,71,69,43,11,25,73,9.3,78.5,-0.2,1.32,5.45,213,SP,2023,0.23418263382167837,0.1911145632337835
Matthew Liberatore,STL,22,11,2,3,6,0,2,61.7,66,36,5,25,46,6.7,77.5,-0.3,1.48,5.25,185,RP,2023,-1.2274837412848825,-0.8705258257158305
Max Fried,ATL,14,14,7,8,1,0,0,77.7,70,22,7,18,80,9.3,88.9,2.7,1.13,2.55,233,SP,2023,0.9140634420045226,0.8163532119971426
Max Scherzer,TEX,27,27,5,13,6,0,0,152.7,126,64,28,45,174,10.6,89.4,1.1,0.96,3.2,458,SP,2023,0.9795476371020913,1.7192749906378082
Merrill Kelly,ARI,30,30,18,12,8,0,0,177.7,143,65,20,69,187,9.5,93.4,3.9,1.19,3.29,533,SP,2023,0.8749072843106173,1.7870232692183528
Michael Fulmer,CHC,58,1,0,3,5,2,11,57,48,28,7,28,65,10.3,29,0.2,1.33,4.42,171,RP,2023,0.22500922960019365,0.1474198400828855
Michael Grove,LAD,18,12,0,2,3,0,1,69,83,47,12,19,73,9.5,73.5,-0.8,1.48,6.13,207,SP,2023,-0.21266440817551,-0.16866487544954242
Michael King,NYY,49,9,2,4,8,6,8,104.7,88,32,10,32,127,10.9,73,3.3,1.15,2.75,314,RP,2023,0.8474784923676053,1.0198965304699803
Michael Kopech,CHW,30,27,5,5,12,0,0,129.3,115,78,29,91,134,9.3,87,0.7,1.59,5.43,388,SP,2023,-0.4353267032020569,-0.6469855485520226
Michael Lorenzen,PHI,29,25,3,9,9,1,0,153,138,71,20,47,111,5.3,95.7,-0.2,1.46,5.51,459,SP,2023,-0.45338024337317717,-0.7973238762769668
Michael Tonkin,ATL,45,0,0,7,3,1,2,80,64,38,13,23,75,8.4,0,0.4,1.09,4.28,240,RP,2023,-0.14238901068698756,-0.13093242362021845
Michael Wacha,SD,24,24,12,14,4,0,0,134.3,113,48,15,43,124,8.3,92.5,2.4,1.16,3.22,403,SP,2023,0.4525732319561806,0.6986274143875295
Miguel Castro,ARI,75,0,0,6,6,7,13,64.7,51,31,8,25,60,8.4,0,0.4,1.18,4.31,194,RP,2023,-0.14922601485513917,-0.1109761282888219
Mike Baumann,BAL,60,0,0,10,1,0,6,64.7,52,27,7,33,61,8.5,0,0.6,1.31,3.76,194,RP,2023,-0.26862587025546797,-0.19977119316699746
Mike Clevinger,CHW,24,24,10,9,9,0,0,131.3,121,55,16,40,110,7.5,87.5,3.3,1.23,3.77,394,SP,2023,-0.07075109756462698,-0.10677723115213246
Miles Mikolas,STL,35,35,14,9,13,0,0,201.3,226,107,26,39,137,6.1,91.3,1.9,1.32,4.78,604,SP,2023,-0.9817498897138017,-2.2715661241309
Mitch Keller,PIT,32,32,18,13,9,0,0,194.3,187,91,25,55,210,9.7,97.5,2.9,1.25,4.21,583,SP,2023,0.6753717957882506,1.508330343927093
Nathan Eovaldi,TEX,25,25,11,12,5,0,0,144,117,58,15,47,132,8.3,89.3,3.1,1.14,3.63,432,SP,2023,0.5267407678181295,0.8718467881127661
Nestor Cortes,NYY,12,12,3,5,2,0,0,63.3,59,35,11,20,67,9.5,89,0.5,1.25,4.97,190,SP,2023,0.4237145693128484,0.30828887629314145
Nick Martinez,SD,63,9,2,6,4,1,15,110.3,99,42,12,40,106,8.6,73.3,1.4,1.26,3.43,331,RP,2023,-0.20457432131932773,-0.25936261656921666
Nick Pivetta,BOS,38,16,5,10,9,1,2,142.7,110,64,23,50,183,11.5,92.3,2.4,1.12,4.04,428,RP,2023,0.9014927126677541,1.4786552884791782
Nick Sandlin,CLE,61,0,0,5,5,0,10,60,38,25,12,24,66,9.9,0,0.3,1.03,3.75,180,RP,2023,0.42686179575871225,0.29438744535083605
Noah Syndergaard,CLE,18,18,1,2,6,0,0,88.7,104,64,22,19,56,4.9,87.3,-0.2,1.29,5.4,266,SP,2023,-1.8317621162805875,-1.8675551691274497
Osvaldo Bido,PIT,16,9,1,2,5,0,0,50.7,55,33,4,21,48,8.5,71.1,-0.3,1.5,5.86,152,RP,2023,-0.6460230602659189,-0.37647550753427694
Pablo Lopez,MIN,32,32,20,11,8,0,0,194,176,79,24,48,234,10.9,94.5,3.3,1.15,3.66,582,SP,2023,1.3392150247183003,2.986295572360348
Patrick Corbin,WSH,32,32,15,10,15,0,0,180,210,104,33,57,124,6.2,91.3,0.4,1.48,5.2,540,SP,2023,-1.5168300808543296,-3.1382691328020615
Patrick Sandoval,LAA,28,28,8,7,13,0,0,144.7,145,66,12,74,128,8,93.6,0.5,1.51,4.11,434,SP,2023,-0.30865509260438445,-0.5133608264351084
Paul Blackburn,OAK,21,20,6,4,7,0,0,103.7,117,51,11,43,104,9,91.8,1.3,1.54,4.43,311,SP,2023,-0.1582128763824229,-0.18858247449261212
Paul Sewald,ARI,65,0,0,3,2,34,0,60.7,46,21,8,24,80,10.2,0,0.4,1.47,3.57,182,RP,2023,1.0825498704469412,0.7552962889210268
Pedro Avila,SD,14,6,1,2,2,0,0,50.3,43,18,3,25,54,9.7,81.8,0.4,1.35,3.22,151,RP,2023,0.2235843231250979,0.12926771785278648
Peter Lambert,COL,25,11,3,3,7,0,0,87.3,93,52,18,28,71,7.3,81.9,0.5,1.39,5.36,262,RP,2023,-1.3616566377909491,-1.3663520055074696
Phil Bickford,NYM,61,0,0,5,5,1,4,67.3,59,37,8,39,76,9.9,0,0,1.34,4.62,202,RP,2023,-0.010181060093377,-0.007875693612462896
Phil Maton,HOU,68,0,0,4,3,1,10,66,49,22,6,25,74,10.1,0,1,1.12,3,198,RP,2023,0.6938929640822579,0.5264015589589542
Pierce Johnson,ATL,67,0,0,2,6,13,12,62.7,63,28,10,30,90,12.2,0,0.7,0.89,0.76,188,RP,2023,0.6380549364670286,0.45983959214347925
Quinn Priester,PIT,10,8,1,3,3,0,0,50,58,43,12,27,36,6.5,89.1,-0.9,1.7,7.74,150,SP,2023,-2.0140586650144647,-1.1575049798933705
Rafael Montero,HOU,68,0,0,3,3,1,10,67.3,74,38,11,29,79,10.6,0,-0.4,1.53,5.08,202,RP,2023,-0.3313254987563302,-0.25630121915288534
Raisel Iglesias,ATL,58,0,0,5,4,33,0,55.7,51,17,7,15,68,11,0,1.2,1.19,2.75,167,RP,2023,0.6349751782920202,0.4065300854122474
Ranger Suarez,PHI,22,22,11,4,6,0,0,125,129,58,13,48,119,8.6,92,2.4,1.42,4.18,375,SP,2023,-0.02203948754471905,-0.03166593038034346
Reese Olson,DET,21,18,6,5,7,0,1,103.7,83,46,14,33,103,8.9,87.7,1.5,1.12,3.99,311,SP,2023,0.7046344735695722,0.8398918955076395
Reid Detmers,LAA,28,28,9,4,10,0,0,148.7,141,74,19,60,168,10.2,92.8,2.2,1.35,4.48,446,SP,2023,0.677254095682909,1.1575595865292938
Reynaldo Lopez,CLE,68,0,0,3,7,6,22,66,50,24,8,34,83,9.8,0,0.8,0.82,0,198,RP,2023,0.7523928932356853,0.570780815558106
Rich Hill,SD,32,27,0,8,14,0,0,146.3,165,88,23,58,129,8.2,63.2,-1.1,1.72,8.23,439,SP,2023,-0.7689839043272598,-1.2931304046330818
Roansy Contreras,PIT,19,11,4,3,7,1,0,68.3,75,50,11,32,55,7.2,82.6,-0.5,1.57,6.59,205,RP,2023,-1.5149053318175403,-1.189287749001586
Robert Stephenson,PIT,60,0,0,3,4,1,15,52.3,30,18,8,16,77,10.9,0,-0.1,1.43,5.14,157,RP,2023,2.0380584248329092,1.225177650790358
Ron Marinaccio,NYY,45,0,0,4,5,2,7,47.3,35,21,6,27,56,10.6,0,0.4,1.31,3.99,142,RP,2023,0.45645688799380135,0.24816564140352648
Ronel Blanco,HOU,17,7,3,2,1,0,0,52,49,26,12,28,52,9,92.1,0.2,1.48,4.5,156,RP,2023,-0.9290515672595794,-0.5552951896264153
Ross Stripling,SF,22,11,2,0,5,0,0,89,104,53,20,16,70,7.1,70.3,0.1,1.35,5.36,267,RP,2023,-1.5381849297658294,-1.5735455028638945
Ryan Brasier,BOS,59,0,0,3,0,2,11,59.7,42,20,3,19,56,7.7,0,-0.3,1.57,7.29,179,RP,2023,0.4686682368415623,0.3216033763154169
Ryan Pressly,HOU,65,0,0,4,5,31,0,65.3,54,26,8,16,74,10.2,0,0.1,1.07,3.58,196,RP,2023,0.6193575213537792,0.46487409361381354
Ryan Walker,SF,49,13,0,5,3,1,3,61.3,61,22,8,24,78,11.4,29.1,1,1.39,3.23,184,RP,2023,0.4025949384815155,0.2836674681484701
Ryan Weathers,MIA,15,12,1,1,8,0,1,57.7,68,42,12,29,43,9.7,91,-0.2,1.92,7.62,173,SP,2023,-1.7747156451575703,-1.1770240543171473
Ryan Yarbrough,LAD,25,9,0,8,7,2,1,89.7,96,45,13,14,67,8.8,75,0,1.27,4.89,269,RP,2023,-1.0878415448077237,-1.1216021444741702
Ryne Nelson,ARI,29,27,7,8,8,0,0,144,159,85,24,46,96,6,84.5,0,1.42,5.31,432,SP,2023,-1.362589055875497,-2.2553198166215123
Ryne Stanek,HOU,55,0,0,3,1,0,3,50.7,42,23,8,21,51,9.1,0,0.3,1.24,4.09,152,RP,2023,-0.17427657275285524,-0.10156117515597426
Sam Hentges,CLE,56,0,0,3,2,0,17,52.3,53,21,2,18,56,9.6,0,0.7,1.36,3.61,157,RP,2023,0.166579045725857,0.10013889760301517
Sam Moll,CIN,70,1,0,2,3,1,9,62.3,47,21,2,30,68,8,0,1.4,0.97,0.73,187,RP,2023,0.6420520694175716,0.45976832097373227
Sandy Alcantara,MIA,28,28,13,7,12,0,0,184.7,176,85,22,48,151,7.4,97.2,3.4,1.21,4.14,554,SP,2023,-0.1337606292570449,-0.2839722784342091
Scott Alexander,SF,55,8,0,7,3,1,6,48.3,55,25,2,11,31,5.8,13.9,-0.2,1.37,4.66,145,RP,2023,-1.277554648388246,-0.7092630978983021
Scott Barlow,SD,63,0,0,2,6,13,7,68,61,33,4,34,79,9.8,0,0.2,1.19,3.07,204,RP,2023,0.39768356671026917,0.31083313260112994
Scott McGough,ARI,63,1,0,2,7,9,14,70.3,60,37,14,30,86,11,40,0.1,1.28,4.73,211,RP,2023,0.2600000933235348,0.21009202943269534
Sean Manaea,SF,37,10,3,7,6,1,3,117.7,104,58,14,42,128,9.8,83.4,0.3,1.24,4.44,353,RP,2023,0.18914103299121626,0.25588390325363397
Seranthony Dominguez,PHI,57,0,0,5,5,2,14,50,48,21,7,22,48,8.6,0,0.4,1.4,3.78,150,RP,2023,-0.5914008435959593,-0.33988554229652834
Seth Lugo,SD,26,26,17,8,7,0,0,146.3,140,58,19,36,140,8.6,91.4,1.8,1.2,3.57,439,SP,2023,0.3180666758329149,0.5348638468316719
Shane Bieber,CLE,21,21,12,6,6,0,0,128,124,54,14,34,107,7.5,93,1.8,1.23,3.8,384,SP,2023,-0.07822732958066939,-0.11509308260144462
Shane McClanahan,TB,21,21,12,11,2,0,0,115,95,42,15,41,121,9.5,86.7,2.7,1.18,3.29,345,SP,2023,0.7957179162576975,1.0518110387314392
Shawn Armstrong,TB,39,6,0,1,0,0,6,52,36,8,2,11,54,9.3,30.7,1.7,0.9,1.38,156,RP,2023,1.0136677360534132,0.605870370974454
Shintaro Fujinami,BAL,64,7,0,7,8,2,5,79,73,63,9,45,83,9.7,0,-0.1,1.21,4.85,237,RP,2023,-0.3286268059944567,-0.29840824912140324
Shohei Ohtani,LAA,23,23,12,10,5,0,0,132,85,46,18,55,167,11.4,91,4,1.06,3.14,396,SP,2023,1.8807495782203358,2.8535510841963716
Sonny Gray,MIN,32,32,17,8,8,0,0,184,156,57,8,55,183,9,88.1,5.4,1.15,2.79,552,SP,2023,1.0172554950228865,2.151436909013921
Spencer Strider,ATL,32,32,18,20,5,0,0,186.7,146,80,22,58,281,13.5,96.9,3.4,1.09,3.86,560,SP,2023,2.6215702999438952,5.6258295976956925
Steven Matz,STL,25,17,4,4,7,0,0,105,108,45,11,32,98,8.4,93.4,1.7,1.33,3.86,315,SP,2023,0.0566241312374299,0.0683394687348292
Steven Okert,MIA,64,2,0,3,2,0,12,58.7,50,29,9,24,73,11.2,15,0.4,1.26,4.45,176,RP,2023,0.5311507882904631,0.3583741525591976
Steven Wilson,SD,52,0,0,1,2,0,22,53,35,23,7,27,57,9.7,0,0.3,1.17,3.91,159,RP,2023,0.3813570925800718,0.23232098743383683
Taijuan Walker,PHI,31,31,11,15,6,0,0,172.7,155,84,20,71,138,7.2,91.5,2.5,1.31,4.38,518,SP,2023,-0.30212568428731823,-0.5997368468554006
Taj Bradley,TB,23,21,1,5,8,0,0,104.7,106,65,23,39,129,11.1,84.9,-0.4,1.39,5.59,314,SP,2023,0.5199380690259876,0.6257185727243783
Tanner Banks,CHW,32,3,0,1,4,1,1,61,59,30,10,16,51,7.5,64,0.8,1.23,4.43,183,RP,2023,-0.809364454522283,-0.5674854221363134
Tanner Bibee,CLE,25,25,11,10,4,0,0,142,122,47,13,45,141,8.9,93,3.6,1.18,2.98,426,SP,2023,0.7416548448517036,1.2105171030912865
Tanner Houck,BOS,21,21,5,6,10,0,0,106,104,59,14,41,99,8.4,82.9,1.3,1.37,5.01,318,SP,2023,-0.07869552009138474,-0.09588189804237682
Tanner Scott,MIA,74,0,0,9,5,12,24,78,53,20,3,24,104,12,0,3.6,0.99,2.31,234,RP,2023,1.80867757146472,1.6215729951063007
Tarik Skubal,DET,15,15,5,7,3,0,0,80.3,58,25,4,14,102,11.4,81.2,2,0.9,2.8,241,SP,2023,2.487307699431237,2.29575641683136
Tayler Saucedo,SEA,52,0,0,3,2,1,3,47.7,41,19,2,23,43,8.1,0,0.7,1.34,3.59,143,RP,2023,-0.2265871711666022,-0.12423227660513707
Taylor Clarke,KC,58,2,0,3,6,3,12,59,71,39,12,24,65,9.9,17,-0.9,1.61,5.95,177,RP,2023,-0.911305653733305,-0.6180118801179884
Taylor Rogers,SF,60,0,0,6,4,2,12,51.7,39,22,6,25,64,11.1,0,0.4,1.24,3.83,155,RP,2023,0.7671678753423842,0.45589171442760074
Tim Mayza,TOR,69,0,0,3,1,1,22,53.3,50,9,2,15,53,8.9,0,2.1,1.22,1.52,160,RP,2023,0.2047463514962703,0.1254365578707035
Tom Cosgrove,SD,54,0,0,1,2,1,7,51.3,31,10,3,19,44,7.7,0,1.4,0.97,1.75,154,RP,2023,0.3372321056952326,0.19885065542718885
Tommy Henry,ARI,17,16,6,5,4,0,0,89,86,41,12,35,64,6.5,86.3,1.1,1.36,4.15,267,SP,2023,-0.8088805490603221,-0.8274755042111341
Tony Gonsolin,LAD,20,20,4,8,5,0,0,103,86,57,19,40,82,7.2,83.2,-0.2,1.22,4.98,309,SP,2023,-0.4068253292342348,-0.4816437805876573
Touki Toussaint,CLE,20,16,0,4,7,0,0,87,69,48,10,57,85,4.9,82,0,2.18,4.91,261,SP,2023,0.1691997399189345,0.1691997399189345
Trevor Gott,SEA,64,0,0,0,5,1,10,58,63,27,4,19,62,9.9,0,-0.3,1.41,4.03,174,RP,2023,-0.10010150291900392,-0.06673433527933595
Trevor Richards,TOR,56,3,0,2,1,0,11,72.7,63,40,13,35,105,13,52.7,-0.2,1.35,4.95,218,RP,2023,0.9072173632691396,0.7581000265478903
Trevor Stephan,CLE,71,0,0,7,7,2,28,68.7,63,31,6,26,75,9.8,0,0.3,1.3,4.06,206,RP,2023,0.212780503257162,0.16802322498582792
Trevor Williams,WSH,30,30,5,6,10,0,0,144.3,178,89,34,53,111,6.9,87.4,-0.1,1.6,5.55,433,SP,2023,-1.7257066707294686,-2.862292788347843
Tristan Beck,SF,33,3,0,3,3,2,4,85,83,37,10,21,68,7.2,63,1.1,1.22,3.92,255,RP,2023,-0.7409549076145029,-0.7239214614624454
Tucker Davidson,LAA,38,1,0,1,2,2,2,51.3,64,34,6,19,46,8.8,0,-0.4,1.74,6.54,154,RP,2023,-1.2550227401917324,-0.740030650250987
Ty Blach,COL,20,13,2,3,3,0,0,78,104,48,15,24,50,5.8,79.4,0.3,1.64,5.54,234,SP,2023,-2.135222338408354,-1.9143372689178346
Tyler Anderson,LAA,27,25,7,6,6,0,0,141,146,85,20,64,119,7.6,90.9,0.2,1.49,5.43,423,SP,2023,-0.6927704395877073,-1.122765884849043
Tyler Glasnow,TB,21,21,9,10,7,0,0,120,93,47,13,37,162,12.2,90.2,2,1.08,3.53,360,SP,2023,2.1436725477586664,2.956789721046437
Tyler Holton,DET,59,1,0,3,2,1,14,85.3,56,20,9,18,74,7.8,13,3,0.87,2.11,256,RP,2023,0.31239148057585947,0.3062872792312737
Tyler Rogers,SF,68,0,0,4,5,2,30,74,66,25,7,19,60,7.3,0,1.7,1.15,3.04,222,RP,2023,-0.4370706886812233,-0.371761275430006
Tyler Wells,BAL,25,20,8,7,6,1,1,118.7,83,48,25,34,117,8.9,89.6,1.7,0.99,3.64,356,SP,2023,0.6688027609869204,0.9124929624039937
Tylor Megill,NYM,25,25,6,9,8,0,0,126.3,141,66,18,58,105,7.5,89.4,0.7,1.58,4.7,379,SP,2023,-0.959069251677673,-1.392303982607932
Wade Miley,MIL,23,23,9,9,4,0,0,120.3,99,42,16,38,79,5.9,81.4,2.5,1.14,3.14,361,SP,2023,-0.5107015003825514,-0.7061769022531141
Wandy Peralta,NYY,63,0,0,4,2,4,18,54,36,17,7,30,51,8.5,0,1.4,1.22,2.83,162,RP,2023,-0.09912202645401963,-0.06152401641973632
Will Smith,TEX,60,0,0,2,7,22,8,57.3,44,28,5,17,55,8.6,0,0.3,1.06,4.4,172,RP,2023,0.2768865326833752,0.182363199112154
Will Vest,DET,48,4,0,2,1,2,11,48.3,40,16,3,13,56,10.4,12.8,1,1.1,2.98,145,RP,2023,0.8912701223081368,0.49480858514348286
Xzavion Curry,CLE,41,9,1,3,4,0,0,95,98,43,12,30,67,6.3,57.8,0.5,1.35,4.07,285,RP,2023,-1.301977346083768,-1.4216994008960686
Yency Almonte,LAD,49,0,0,3,2,0,10,48,43,27,6,24,49,9.2,0,-0.5,1.4,5.06,144,RP,2023,-0.29003549949966484,-0.16001958593084956
Yennier Cano,BAL,72,0,0,1,4,8,31,72.7,60,17,4,13,65,8.1,0,2.4,1,2.11,218,RP,2023,0.24806473688102326,0.2072908778304643
Yimi Garcia,TOR,73,0,0,3,4,3,19,66,67,30,8,15,79,10.8,0,-0.1,1.24,4.09,198,RP,2023,0.4130933041458062,0.31338112728302536
Yonny Chirinos,ATL,20,9,0,5,5,0,1,85,91,51,15,27,53,8.9,79,-0.8,1.79,9.27,255,RP,2023,-1.841439121743705,-1.7991071879105163
Yu Darvish,SD,24,24,10,8,10,0,0,136.3,134,69,18,43,141,9.3,92.4,0.7,1.3,4.56,409,SP,2023,0.389203798964815,0.6097526183782103
Yusei Kikuchi,TOR,32,32,9,11,6,0,0,167.7,165,72,27,48,181,9.7,88.1,1.8,1.27,3.86,503,SP,2023,0.46807946731828565,0.9022635249342127
Zac Gallen,ARI,34,34,20,17,9,0,0,210,188,81,22,47,220,9.4,95.5,4.4,1.12,3.47,630,SP,2023,0.9423678832535441,2.2746810975085547
Zach Davies,ARI,18,18,3,2,5,0,0,82.3,98,64,10,39,72,7.9,83.2,-1.5,1.66,7,247,SP,2023,-0.933775636909271,-0.8833302864095748
Zach Eflin,TB,31,31,17,16,8,0,0,177.7,158,69,19,24,186,9.4,83.1,3.5,1.02,3.5,533,SP,2023,1.1000551910505727,2.246894338502147
Zack Greinke,KC,30,27,2,2,15,0,0,142.3,158,80,25,23,97,6.1,75.1,1,1.27,5.06,427,SP,2023,-1.0909742707502725,-1.7844326290547563
Zack Littell,BOS,28,14,0,3,6,0,0,90,94,41,13,12,74,6,0,0,2,9,270,RP,2023,-0.7577687465117227,-0.783898703287989
Zack Thompson,STL,25,9,1,5,7,0,1,66.3,69,33,8,25,72,9.8,87.2,0.6,1.42,4.48,199,RP,2023,-0.21817943134882906,-0.16626777354514213
Zack Wheeler,PHI,32,32,21,13,6,0,0,192,168,77,20,39,212,9.9,98.6,4.2,1.08,3.61,576,SP,2023,1.2303919247955588,2.7153476961005434
